# Hue, saturation, and value data gathered in testing

{
'green':
[
	(182,  90, 137),
	(151,  90, 143),
	(216,  90, 141),
	(203,  93, 132),
	(165,  93, 155),
	(209,  90, 148),
	(216,  90, 123),
	(233,  90, 130),
	(222,  90, 117),
	(230,  93, 132),
	(213,  90, 120),
	(195,  93, 156),
	(148,  90, 145),
	(148,  90, 145),
	(199,  93, 179),
	(206,  90, 118),
	(159,  90, 121),
	(199,  93, 140),

],
'white':
[
	(131, 100, 128),
	(122, 100,  95),
	(130, 100, 103),
	(119, 100, 122),
	(142, 100, 123),
	(138, 100, 114),
	(110,  97, 149),
	(138, 100, 100),
	(125, 100, 142),
	(124,  97, 143),
	(118, 100, 145),
	(108,  97, 159),
	(119, 100, 147),
	(138, 100, 145),
	(130, 100, 132)

],
'orange':
[
	(137,  21, 157),
	(106,  18, 173),
	(160,  18, 161),
	( 83,  14, 168),
	(119,  18, 198),
	( 74,  18, 216),
	(157,  18, 157),
	(154,  18, 146),
	(136,  21, 182),
	(146,  21, 166),
	(137,  21, 181),
	(151,  21, 196),
	(146,  14, 166),

],
'yellow':
[
	(138,  50, 179),
	(115,  54, 189),
	(124,  46, 203),
	(134,  50, 186),
	(146,  46, 176),
	(109,  86, 192),
	(155,  46, 190),
	(120,  50, 129),
	(146,  46, 214),
	(155,  46, 210),
	( 85,  72, 182),
	(102,  82, 202),
	(116,  46, 120),
	(151,  46, 212),
	( 98,  79, 154),

],
'red':
[
	( 82, 154, 168),
	(147, 172, 105),
	( 98, 133, 154),
	(166, 172, 104),
	(151, 172, 103),
	(118, 172, 145),
	(151, 172, 127),
	( 90, 162, 163),
	( 82, 118, 188),
	( 82, 118, 188),
	(135, 172, 133),
	( 98, 162, 170),
	(139, 172, 108),
	( 84, 162, 167),
	( 94, 162, 158)

],
'blue':
[
	(172, 108, 154),
	(131, 111, 143),
	(182, 111, 125),
	(208, 108, 150),
	(177, 111, 164),
	(200, 111, 148),
	(199, 108, 191),
	(214, 108, 177),
	(214, 111, 141),
	(225, 111, 145),
	(223, 108, 144),
	(194, 108, 203),
	(169, 108, 169)
]


}